100
114.3
128.6
142.9
157.1
171.4
185.7
200
214.3
228.6
242.9
257.1
271.4
285.7
300
314.3
328.6
342.9
357.1
371.4
385.7
400
414.3
428.6
442.9
457.1
471.4
485.7
500
514.3
528.6
542.9
557.1
571.4
585.7
600
614.3
628.6
642.9
657.1
671.4
685.7
700
714.3
728.6
742.9
757.1
771.4
785.7
800
814.3
828.6
842.9
857.1
871.4
885.7
900
914.3
928.6
942.9
957.1
971.4
985.7
1000
1014.3
1028.6
1042.9
1057.1
1071.4
1085.7
1100
1114.3
1128.6
1142.9
1157.1
1171.4
1185.7
1199.984615
1214.268132
1228.551648
1242.835165
1257.118681
1271.402198
1285.685714
1299.969231
1314.252747
1328.536264
1342.81978
1357.103297
1371.386813
1385.67033
1399.953846
1414.237363
1428.520879
1442.804396
1457.087912
1471.371429
1485.654945
1499.938462
1500
1500
1500
1500
1500
1500
1500
1500
1500
1500
1500
1500
1500
1500
1500
1500
1500
1500
1500
1500
1500
1500
1500
1500
1500
1500
1500
1500
1500
1500
1500
1500
1500
1500
1500
1500
1500
1500
1500
1500
1500
1500
1500
1500
1500
1500
1500
1500
1500
1500
1500
1500
1500
1500
1500
1500
1500
1500
1500
1500
1500
1500
1500
1500
1500
1500
1500
1500
1500
1500
1500
1500
1500
1500
1500
1500
1500
1500
1500
1500
1500
1500
1500
1500
1500
1500
1500
1500
1500
1500
1500
1500
1500
1500
1500
1500
1500
1500
1500
1500
1500
1500
1500
1500
1500
1500
1500